-----------------------------Result Display---------------------------
九参数:
0.999937,0.0112272,-0.000584495,
0.000611958,-0.00244286,0.999997,
0.0112257,-0.999934,-0.00244957,

-----------------------------------------------------------------------
条件数: 39
-----------------------------------------------------------------------
冗余度: 32
-----------------------------------------------------------------------
验后单位权中误差:296.177
-----------------------------------------------------------------------
公共点坐标残差:
-5.6761,
-107.038,
0.240542,
11.5193,
-41.9615,
-3.96047,
-7.2872,
-35.1849,
437.58,
-3.5314,
-34.2197,
-427.99,
7.03799,
0.378177,
-7.8699,
-8.1216,
1.5727,
657.192,
-0.806674,
0.981083,
-653.304,
16.5785,
51.7173,
-8.79031,
-8.9615,
41.3315,
878.293,
-0.0764572,
38.1806,
-879.107,
-0.674799,
84.2431,
7.71565,

-----------------------------------------------------------------------
检核点坐标残差:
-17.8344,
74.4377,
668.778,
-9.51946,
70.846,
-642.718,
-17.9063,
126.768,
25.2106,
-27.7128,
115.545,
458.751,
-21.957,
108.51,
-407.819,
-45.3135,
189.562,
41.2877,

